$ 1 5e-12 3.3115451958692312 50 5 50 5e-11
r 144 144 96 144 0 120
w 96 208 144 208 0
w 624 144 656 144 0
w 624 208 656 208 0
r 688 144 688 208 0 120
v 96 208 96 144 0 2 20000000 3 3 0 0.02
171 144 144 240 144 0 5e-9 120 64 0
171 272 144 368 144 0 5e-9 120 64 0
w 272 144 240 144 0
w 240 208 272 208 0
g 144 208 144 224 0 0
g 240 208 240 224 0 0
g 624 208 624 224 0 0
171 400 144 496 144 0 5e-9 120 64 0
w 368 144 400 144 0
w 368 208 400 208 0
g 368 208 368 224 0 0
v 96 -64 96 -128 0 2 400000000 3 3 0 0.4
x 226 -173 298 -170 4 18 Fixture\s1
x 351 -173 423 -170 4 18 Fixture\s2
x 602 -171 674 -168 4 18 Fixture\s4
x 63 -174 176 -171 4 18 Master\s(Desk)
x 172 205 211 208 4 18 DMX
x 302 207 341 210 4 18 DMX
x 429 209 468 212 4 18 DMX
x 409 62 485 65 4 18 Mic\s(XLR)
x 302 63 341 66 4 18 DMX
x 172 61 211 64 4 18 DMX
g 368 64 368 80 0 0
w 368 64 400 64 0
w 368 0 400 0 0
171 400 0 496 0 0 5e-9 40 64 0
g 624 64 624 80 0 0
g 240 64 240 80 0 0
g 144 64 144 80 0 0
w 240 64 272 64 0
w 272 0 240 0 0
171 272 0 368 0 0 5e-9 120 64 0
171 144 0 240 0 0 5e-9 120 64 0
v 96 64 96 0 0 2 10000000 3 3 0 0.01
r 656 0 656 64 0 120
w 624 64 656 64 0
w 624 0 656 0 0
w 96 64 144 64 0
r 144 0 96 0 0 120
x 557 209 596 212 4 18 DMX
w 496 208 528 208 0
w 496 144 528 144 0
171 528 144 624 144 0 5e-9 120 64 0
x 557 65 596 68 4 18 DMX
w 496 64 528 64 0
w 496 0 528 0 0
171 528 0 624 0 0 5e-9 120 64 0
g 496 64 496 80 0 0
g 496 208 496 224 0 0
x 477 -171 549 -168 4 18 Fixture\s3
g 496 -64 496 -48 0 0
171 528 -128 624 -128 0 5e-9 120 64 0
w 496 -128 528 -128 0
w 496 -64 528 -64 0
x 557 -63 596 -60 4 18 DMX
x 429 -63 468 -60 4 18 DMX
x 302 -65 341 -62 4 18 DMX
x 172 -67 211 -64 4 18 DMX
g 368 -64 368 -48 0 0
w 368 -64 400 -64 0
w 368 -128 400 -128 0
171 400 -128 496 -128 0 5e-9 120 64 0
g 624 -64 624 -48 0 0
g 240 -64 240 -48 0 0
g 144 -64 144 -48 0 0
w 240 -64 272 -64 0
w 272 -128 240 -128 0
171 272 -128 368 -128 0 5e-9 120 64 0
171 144 -128 240 -128 0 5e-9 120 64 0
r 656 -128 656 -64 0 120
w 624 -64 656 -64 0
w 624 -128 656 -128 0
w 96 -64 144 -64 0
r 144 -128 96 -128 0 120
r 144 272 96 272 0 120
w 96 336 144 336 0
w 624 272 656 272 0
w 624 336 656 336 0
r 688 272 688 336 0 120
171 144 272 240 272 0 5e-9 120 64 0
171 272 272 368 272 0 5e-9 120 64 0
w 272 272 240 272 0
w 240 336 272 336 0
g 144 336 144 352 0 0
g 240 336 240 352 0 0
g 624 336 624 352 0 0
171 400 272 496 272 0 5e-9 120 64 0
w 368 272 400 272 0
w 368 336 400 336 0
g 368 336 368 352 0 0
x 172 333 211 336 4 18 DMX
x 302 335 341 338 4 18 DMX
x 429 337 468 340 4 18 DMX
x 557 337 596 340 4 18 DMX
w 496 336 528 336 0
w 496 272 528 272 0
171 528 272 624 272 0 5e-9 120 64 0
g 496 336 496 352 0 0
x -112 180 2 183 4 18 Unterminated
x -123 310 -1 313 4 18 Many\scollisions
v 96 336 96 272 0 2 400000000 3 3 0 0.4
x -87 -84 -26 -81 4 18 Correct
x -98 40 -20 43 4 18 Mic\sCable
